chain_a_residue_num,chain_b_residue_num,chain_a_residue,chain_b_residue,ca_distance
322,4,PRO,PRO,3.5914779
323,5,THR,THR,0.8905405
324,6,GLU,GLU,1.4254416
325,7,SER,SER,1.993572
326,8,ILE,ILE,1.9085411
327,9,VAL,VAL,2.084709
328,10,ARG,ARG,3.0880759
329,11,PHE,PHE,4.7099276
334,16,ASN,ASN,0.80340075
335,17,LEU,LEU,1.2302752
336,18,CYS,CYS,0.8363779
337,19,PRO,PRO,0.7822687
338,20,PHE,PHE,1.1078256
339,21,GLY,ASP,1.3171463
340,22,GLU,GLU,0.86004025
341,23,VAL,VAL,0.7784921
342,24,PHE,PHE,0.6570831
343,25,ASN,ASN,1.0504994
344,26,ALA,ALA,0.99169546
345,27,THR,THR,0.6522321
346,28,ARG,ARG,0.56457996
347,29,PHE,PHE,0.49728116
348,30,ALA,ALA,0.7383496
349,31,SER,SER,0.325426
350,32,VAL,VAL,0.8765651
351,33,TYR,TYR,1.2005059
352,34,ALA,ALA,0.77689767
353,35,TRP,TRP,0.59509313
354,36,ASN,ASN,0.6002711
355,37,ARG,ARG,0.44232824
356,38,LYS,LYS,0.41694874
357,39,ARG,ARG,0.64572734
358,40,ILE,ILE,0.7325372
359,41,SER,SER,0.17936228
360,42,ASN,ASN,0.7161252
361,43,CYS,CYS,0.8730995
362,44,VAL,VAL,0.87664217
363,45,ALA,ALA,0.5893711
364,46,ASP,ASP,1.1228592
365,47,TYR,TYR,1.0994315
366,48,SER,SER,1.7078525
367,49,VAL,VAL,2.7857637
368,50,LEU,LEU,1.5239918
369,51,TYR,TYR,1.5569009
370,52,ASN,ASN,2.9867568
371,53,SER,LEU,2.8315327
372,54,ALA,ALA,3.0195076
373,55,SER,PRO,1.846572
374,56,PHE,PHE,1.0720417
375,57,SER,PHE,1.1096053
376,58,THR,THR,0.75422925
377,59,PHE,PHE,0.76568
378,60,LYS,LYS,0.5301264
389,71,ASP,ASP,1.3444799
390,72,LEU,LEU,0.9746086
391,73,CYS,CYS,1.5741907
392,74,PHE,PHE,0.6358619
393,75,THR,THR,0.5645798
394,76,ASN,ASN,0.65303046
395,77,VAL,VAL,0.9548512
396,78,TYR,TYR,0.7303481
397,79,ALA,ALA,0.5023447
398,80,ASP,ASP,0.7442212
399,81,SER,SER,0.4892656
400,82,PHE,PHE,0.35358998
401,83,VAL,VAL,0.23589426
402,84,ILE,ILE,0.1676123
403,85,ARG,ARG,0.122486874
404,86,GLY,GLY,0.6891512
405,87,ASP,ASP,0.84726477
406,88,GLU,GLU,0.94083965
407,89,VAL,VAL,0.8770421
408,90,ARG,ARG,0.7642832
409,91,GLN,GLN,1.0000453
410,92,ILE,ILE,1.0895598
411,93,ALA,ALA,0.8186968
412,94,PRO,PRO,0.8200098
413,95,GLY,GLY,0.81854564
414,96,GLN,GLN,0.69952893
415,97,THR,THR,0.3245879
416,98,GLY,GLY,0.5007612
417,99,LYS,ASN,0.48051015
418,100,ILE,ILE,0.23050821
419,101,ALA,ALA,0.23351918
420,102,ASP,ASP,0.581381
421,103,TYR,TYR,0.4421077
422,104,ASN,ASN,0.56015474
423,105,TYR,TYR,0.70650107
424,106,LYS,LYS,0.6942227
425,107,LEU,LEU,0.5431501
426,108,PRO,PRO,0.8227447
427,109,ASP,ASP,1.7232876
428,110,ASP,ASP,0.9868456
429,111,PHE,PHE,0.38239884
430,112,THR,THR,0.32658973
431,113,GLY,GLY,0.5415065
432,114,CYS,CYS,0.28958234
433,115,VAL,VAL,0.29054603
434,116,ILE,ILE,0.2726184
435,117,ALA,ALA,0.44492123
436,118,TRP,TRP,0.32037053
437,119,ASN,ASN,0.41941252
438,120,SER,SER,0.49650845
439,121,ASN,ASN,0.61007625
440,122,ASN,LYS,0.5137065
441,123,LEU,LEU,0.92732245
442,124,ASP,ASP,0.6983687
443,125,SER,SER,0.54633135
444,126,LYS,LYS,1.7666297
445,127,VAL,VAL,2.6900237
448,130,ASN,ASN,2.7444973
450,132,ASN,ASN,1.3601924
451,133,TYR,TYR,0.4768835
452,134,LEU,LEU,0.40115613
453,135,TYR,TYR,0.7604029
454,136,ARG,ARG,0.8306464
455,137,LEU,LEU,0.75905526
456,138,PHE,PHE,1.0981346
457,139,ARG,ARG,0.7335894
458,140,LYS,LYS,0.38982204
459,141,SER,SER,0.31328207
460,142,ASN,ASN,0.33214143
461,143,LEU,LEU,0.4421877
462,144,LYS,LYS,0.9630917
463,145,PRO,PRO,0.63317114
464,146,PHE,PHE,0.31138554
465,147,GLU,GLU,1.2856295
466,148,ARG,ARG,1.4679601
467,149,ASP,ASP,0.7848674
468,150,ILE,ILE,0.43771756
469,151,SER,SER,0.9684988
470,152,THR,THR,0.77419966
471,153,GLU,GLU,0.7155216
472,154,ILE,ILE,1.1102184
473,155,TYR,TYR,1.3518898
474,156,GLN,GLN,0.6746096
475,157,ALA,ALA,1.1649317
476,158,GLY,GLY,2.6505835
477,159,SER,ASN,2.950919
478,160,THR,LYS,2.780011
479,161,PRO,PRO,2.471761
480,162,CYS,CYS,1.8383209
481,163,ASN,ASN,3.3506582
482,164,GLY,GLY,3.2483058
483,165,VAL,VAL,3.095114
484,166,GLU,ALA,2.8400047
485,167,GLY,GLY,2.5975027
486,168,PHE,PHE,1.5541147
487,169,ASN,ASN,0.9320345
488,170,CYS,CYS,1.3807973
489,171,TYR,TYR,0.62249774
490,172,PHE,PHE,1.0713927
491,173,PRO,PRO,1.4639066
492,174,LEU,LEU,0.70710826
493,175,GLN,ARG,0.7365304
494,176,SER,SER,0.41268995
495,177,TYR,TYR,0.46054402
496,178,GLY,SER,1.6400737
497,179,PHE,PHE,0.8405867
498,180,GLN,ARG,1.1265875
499,181,PRO,PRO,0.9090683
500,182,THR,THR,1.189966
501,183,ASN,TYR,0.4531451
502,184,GLY,GLY,1.0806043
503,185,VAL,VAL,1.406027
504,186,GLY,GLY,1.3190616
505,187,TYR,HIS,0.9125537
506,188,GLN,GLN,1.1182246
507,189,PRO,PRO,0.52156854
508,190,TYR,TYR,0.38553834
509,191,ARG,ARG,0.221973
510,192,VAL,VAL,0.46739274
511,193,VAL,VAL,0.5426757
512,194,VAL,VAL,0.39844948
513,195,LEU,LEU,0.27211246
514,196,SER,SER,0.25872198
515,197,PHE,PHE,0.48294735
516,198,GLU,GLU,1.1121467
517,199,LEU,LEU,1.8499526
518,200,LEU,LEU,2.9645267
519,201,HIS,HIS,2.9864185
520,202,ALA,ALA,1.477563
521,203,PRO,PRO,0.88936305
534,220,VAL,CYS,3.2527068
537,222,LYS,ASN,3.672397
